35 35 0 36
                                                                      
          1 1 1 1 1 1 1 1 1 1                               2         
          1 1 1 1 1 1 1 1 1 1                     3 3 3     2 2       
                  1 1                           3 3 3 3 3   2         
                  1 1                         3 3       3 3           
                  1 1                       3 3           3 3         
                  1 1                       3 3           3 3         
          4       1 1                       3 3         3 3 3         
            5     1 1                         3 3       3 3           
              6   1 1                           3 3 3 3 3             
                1 1 1 1                           3 3 3               
                1 1 1 1 1                                             
                      1                                               
                    7                 8 8 8                           
                  9                 8 8 8 8 8                         
                10                 8 8 8   8 8 8               11 11     
              12                 8 8           8 8             11 11     
            13                   8 8           8 8                     
      14 14 14       15 15           8 8           8 8             16 16     
      14 14       15 15             8 8           8 8             16 16     
      14 14     15 15       17       8 8           8 8             16 16     
      14 14   14 15           18     8 8 8 8 8 8 8 8 8             16 16     
      14 14   14 15           18     8 8 8 8 8 8 8 8 8             16 16     
      14 14 14 14             18     8 8           8 8             16 16     
      14 14   14 14             19   8 8           8 8             16 16     
      14 14         20         19   8 8           8 8             16 16     
      14 14       20 20         19   8 8           8 8     16 16   16 16 16     
      14 14       20 20         19   8 8           8 8       16 16   16 16     
      14 14       20 20         19                 8         16 16 16 16       
      14 14         20 20     21   22                 23         16 16 16 16     
      14 14           20 20 20       24             25   26     27         28   
                                  29           25     30 30           28   
                                    31       32         30   33           
                                      34   35             33 33           
                                        36               33             

