zeroFramedAry
                                                                      
          1 1 1 1 1 1 1 1 1 1                               2         
          1 1 1 1 1 1 1 1 1 1                     3 3 3     2 2       
                  1 1                           4 3 3 3 3   2         
                  1 1                         5 4       3 3           
                  1 1                       6 5           3 3         
                  1 1                       6 5           3 3         
          7       1 1                       6 5         8 3 3         
            9     1 1                         5 5       8 3           
              10   1 1                           5 5 5 5 5             
                11 1 1 1                           5 5 5               
                11 1 1 1 1                                             
                      1                                               
                    12                 13 13 13                           
                  14                 15 13 13 13 13                         
                16                 17 15 13   13 13 13               18 18     
              19                 20 17           13 13             18 18     
            21                   20 17           13 13                     
      22 22 22       23 23           20 17           13 13             24 24     
      22 22       25 23             20 17           13 13             24 24     
      22 22     26 25       27       20 17           13 13             24 24     
      22 22   28 26           29     20 17 17 17 17 17 17 13 13             24 24     
      22 22   28 26           29     20 17 17 17 17 17 17 13 13             24 24     
      22 22 22 22             29     20 17           13 13             24 24     
      22 22   22 22             30   20 17           13 13             24 24     
      22 22         31         30   20 17           13 13             24 24     
      22 22       32 31         30   20 17           13 13     33 33   34 24 24     
      22 22       32 31         30   20 17           13 13       33 33   24 24     
      22 22       32 31         30                 13         33 33 33 24       
      22 22         31 31     35   36                 37         33 33 24 24     
      22 22           31 31 31       38             39   40     41         42   
                                  43           39     44 44           42   
                                    45       46         44   47           
                                      48   49             50 47           
                                        51               50             

EQAry
index: 0 1 2 3 4 5 6 7 8 9 10 11 12 13 14 15 16 17 18 19 20 21 22 23 24 25 26 27 28 29 30 31 32 33 34 35 36 37 38 39 40 41 42 43 44 45 46 47 48 49 50 51 
value: 0 1 2 3 4 5 5 7 5 9 10 1 12 13 14 13 16 17 18 19 17 21 22 23 24 25 26 27 22 29 30 31 31 24 24 35 36 37 38 39 40 41 42 43 44 45 46 47 48 49 47 51 

zeroFramedAry
                                                                      
          1 1 1 1 1 1 1 1 1 1                               2         
          1 1 1 1 1 1 1 1 1 1                     3 3 3     2 2       
                  1 1                           3 3 3 3 3   2         
                  1 1                         4 4       3 3           
                  1 1                       5 5           3 3         
                  1 1                       5 5           3 3         
          7       1 1                       5 5         3 3 3         
            9     1 1                         5 5       3 3           
              10   1 1                           5 5 5 5 5             
                1 1 1 1                           5 5 5               
                1 1 1 1 1                                             
                      1                                               
                    12                 13 13 13                           
                  14                 13 13 13 13 13                         
                16                 13 13 13   13 13 13               18 18     
              19                 13 13           13 13             18 18     
            21                   13 13           13 13                     
      22 22 22       23 23           13 13           13 13             24 24     
      22 22       23 23             13 13           13 13             24 24     
      22 22     25 25       27       13 13           13 13             24 24     
      22 22   22 26           29     13 13 13 13 13 13 13 13 13             24 24     
      22 22   22 26           29     13 13 13 13 13 13 13 13 13             24 24     
      22 22 22 22             29     17 17           13 13             24 24     
      22 22   22 22             30   17 17           13 13             24 24     
      22 22         31         30   17 17           13 13             24 24     
      22 22       31 31         30   17 17           13 13     24 24   24 24 24     
      22 22       31 31         30   17 17           13 13       24 24   24 24     
      22 22       31 31         30                 13         24 24 24 24       
      22 22         31 31     35   36                 37         24 24 24 24     
      22 22           31 31 31       38             39   40     41         42   
                                  43           39     44 44           42   
                                    45       46         44   47           
                                      48   49             47 47           
                                        51               50             

EQAry
index: 0 1 2 3 4 5 6 7 8 9 10 11 12 13 14 15 16 17 18 19 20 21 22 23 24 25 26 27 28 29 30 31 32 33 34 35 36 37 38 39 40 41 42 43 44 45 46 47 48 49 50 51 
value: 0 1 2 3 3 4 5 7 3 9 10 1 12 13 14 13 16 13 18 19 13 21 22 23 24 23 25 27 22 29 30 31 31 24 24 35 36 37 38 39 40 41 42 43 44 45 46 47 48 49 47 51 

EQAry
index: 0 1 2 3 4 5 6 7 8 9 10 11 12 13 14 15 16 17 18 19 20 21 22 23 24 25 26 27 28 29 30 31 32 33 34 35 36 37 38 39 40 41 42 43 44 45 46 47 48 49 50 51 
value: 0 1 2 3 3 3 3 4 3 5 6 1 7 8 9 8 10 8 11 12 8 13 14 15 16 15 15 17 14 18 19 20 20 16 16 21 22 23 24 25 26 27 28 29 30 31 32 33 34 35 33 36 

zeroFramedAry
                                                                      
          1 1 1 1 1 1 1 1 1 1                               2         
          1 1 1 1 1 1 1 1 1 1                     3 3 3     2 2       
                  1 1                           3 3 3 3 3   2         
                  1 1                         3 3       3 3           
                  1 1                       3 3           3 3         
                  1 1                       3 3           3 3         
          4       1 1                       3 3         3 3 3         
            5     1 1                         3 3       3 3           
              6   1 1                           3 3 3 3 3             
                1 1 1 1                           3 3 3               
                1 1 1 1 1                                             
                      1                                               
                    7                 8 8 8                           
                  9                 8 8 8 8 8                         
                10                 8 8 8   8 8 8               11 11     
              12                 8 8           8 8             11 11     
            13                   8 8           8 8                     
      14 14 14       15 15           8 8           8 8             16 16     
      14 14       15 15             8 8           8 8             16 16     
      14 14     15 15       17       8 8           8 8             16 16     
      14 14   14 15           18     8 8 8 8 8 8 8 8 8             16 16     
      14 14   14 15           18     8 8 8 8 8 8 8 8 8             16 16     
      14 14 14 14             18     8 8           8 8             16 16     
      14 14   14 14             19   8 8           8 8             16 16     
      14 14         20         19   8 8           8 8             16 16     
      14 14       20 20         19   8 8           8 8     16 16   16 16 16     
      14 14       20 20         19   8 8           8 8       16 16   16 16     
      14 14       20 20         19                 8         16 16 16 16       
      14 14         20 20     21   22                 23         16 16 16 16     
      14 14           20 20 20       24             25   26     27         28   
                                  29           25     30 30           28   
                                    31       32         30   33           
                                      34   35             33 33           
                                        36               33             

EQAry
index: 0 1 2 3 4 5 6 7 8 9 10 11 12 13 14 15 16 17 18 19 20 21 22 23 24 25 26 27 28 29 30 31 32 33 34 35 36 37 38 39 40 41 42 43 44 45 46 47 48 49 50 51 
value: 0 1 2 3 3 3 3 4 3 5 6 1 7 8 9 8 10 8 11 12 8 13 14 15 16 15 15 17 14 18 19 20 20 16 16 21 22 23 24 25 26 27 28 29 30 31 32 33 34 35 33 36 

zeroFramedAry
                                                                      
          1 1 1 1 1 1 1 1 1 1                               2 2       
          1 1 1 1 1 1 1 1 1 1               3 3 3 3 3 3 3 3 3 2       
          1       1 1       1               3   3 3 3 3 3   3 2       
          1       1 1       1               3 3 3       3 3 3         
          1       1 1       1               3 3           3 3         
          1       1 1       1               3 3           3 3         
          4       1 1       1               3 3         3 3 3         
          1 5     1 1       1               3 3 3       3 3 3         
          1   6   1 1       1               3   3 3 3 3 3   3         
          1     1 1 1 1     1               3 3 3 3 3 3 3 3 3         
          1     1 1 1 1 1   1                                         
          1 1 1 1 1 1 1 1 1 1                                         
                    7           8 8 8 8 8 8 8 8 8                     
                  9             8   8 8 8 8 8   8                     
                10               8 8 8 8   8 8 8 8             11 11     
              12                 8 8           8 8             11 11     
            13                   8 8           8 8                     
      14 14 14 14 15 15 15 15           8 8           8 8     16 16 16 16 16 16     
      14 14     15 15 15 15           8 8           8 8     16       16 16     
      14 14     15 15   15   17       8 8           8 8     16       16 16     
      14 14   14 15     15     18     8 8 8 8 8 8 8 8 8     16       16 16     
      14 14   14 15 15 15 15     18     8 8 8 8 8 8 8 8 8     16       16 16     
      14 14 14 14 14           18     8 8           8 8     16       16 16     
      14 14   14 14             19   8 8           8 8     16       16 16     
      14 14     14 20 20 20 20 20   19   8 8           8 8     16       16 16     
      14 14     14 20 20     20   19   8 8           8 8     16 16   16 16 16     
      14 14     14 20 20     20   19   8 8           8 8     16 16 16   16 16     
      14 14     14 20 20     20   19   8 8 8 8 8 8 8 8 8     16 16 16 16 16 16     
      14 14     14 20 20 20   20 21   22                 23     16 16 16 16 16 16     
      14 14 14 14 14 20 20 20 20 20       24             25   26     27         28   
                                  29           25     30 30           28   
                                    31       32       30 30 33 33           
                                      34   35             33 33           
                                        36               33 33           

